0	64.2887	0	AN	
0	68.3876	0	BM	
71.7173	84.0226	73.4347	BS	
40.3815	67.4537	0	BT	
0	0	0	CEP	
66.8916	84.5247	68.6316	CE		
61.0451	77.4264	40.6813	CL	
0	47.9246	0	CM	
0	62.2576	0	CR			
0	0	0	ENT	
70.177	76.7412	35.5833	EN	
57.5891	78.6343	0	ES
0	61.6568	0	ET	
0	0	0	GE	
72.8884	77.8507	0	GNR	
73.0918	79.014	0	GS		
68.3842	80.0274	0	ID	
69.3861	76.9578	0	IE	
0	0	0	IM	
0	72.9075	0	IN	
0	0	0	IT	
0	71.1291	0	MD		
63.9088	68.4843	0	MG	
0	0	0	MMM		
0	0	0	MS	
49.7971	78.89	0	NT	
0	0	0	PE	
0	0	0	PM	
0	0	0	PP	
0	0	0	RD	
0	0	0	RE	
71.7279	81.2838	0	SC	
63.7931	69.0943	0	SI	
47.3476	71.9894	0	TD	
0	0	0	US	
36.78	76.7104	0	VC	
